1 0.0
1.1000000000000001 0.0
1.2000000000000002 0.0
1.3000000000000003 0.0
1.4000000000000004 0.0
1.5000000000000004 0.0
1.6000000000000005 0.0032000000000000002
1.7000000000000006 0.0
1.8000000000000007 0.0
1.9000000000000008 0.0
2.0000000000000009 0.0
2.100000000000001 0.0
2.2000000000000011 0.0
2.3000000000000012 0.0
2.4000000000000012 0.0
2.5000000000000013 0.0
2.6000000000000014 0.0
2.7000000000000015 0.083199999999999996
2.8000000000000016 0.0
2.9000000000000017 0.0
3.0000000000000018 0.0
3.1000000000000019 0.0
3.200000000000002 0.0
3.300000000000002 0.0
3.4000000000000021 0.0
3.5000000000000022 0.083199999999999996
3.6000000000000023 0.0
3.7000000000000024 0.0
3.8000000000000025 0.0
3.9000000000000026 0.0
4.0000000000000027 0.0
4.1000000000000023 0.0
4.200000000000002 0.0
4.3000000000000016 0.0
4.4000000000000012 0.0
4.5000000000000009 0.0
4.6000000000000005 0.0
4.7000000000000002 0.0
4.7999999999999998 0.0
4.8999999999999995 0.0
4.9999999999999991 0.0
